# y	x
[8 2 2]	[8 2 2 3]
[9 3 0]	[0 3 9 3]
[6 4 2]	[2 6 4 3]
[9 8 4]	[8 4 9 3]
[9 5 2]	[2 9 5 3]
[7 1 0]	[7 0 1 3]
[9 6 5]	[9 6 5 3]
[9 9 7]	[9 9 7 3]
[8 7 1]	[7 1 8 3]
[7 3 0]	[0 7 3 3]
[8 6 4]	[4 8 6 3]
[8 5 4]	[5 8 4 3]
[9 6 0]	[0 6 9 3]
[9 5 2]	[2 9 5 3]
[9 2 0]	[2 9 0 3]
[8 1 0]	[0 1 8 3]
[9 7 6]	[7 6 9 3]
[7 1 0]	[0 7 1 3]
[2 1 1]	[1 2 1 3]
[8 4 3]	[3 4 8 3]
[5 3 2]	[3 2 5 3]
[8 6 4]	[6 4 8 3]
[9 3 1]	[9 1 3 3]
[6 6 1]	[6 1 6 3]
[7 3 1]	[7 1 3 3]
[9 7 6]	[6 7 9 3]
[6 4 0]	[4 6 0 3]
[8 8 2]	[8 8 2 3]
[8 5 3]	[8 5 3 3]
[9 8 7]	[9 7 8 3]
[5 3 1]	[3 5 1 3]
[8 3 3]	[3 3 8 3]
[7 7 5]	[7 7 5 3]
[7 5 3]	[3 5 7 3]
[5 2 2]	[5 2 2 3]
[4 1 1]	[4 1 1 3]
[4 3 3]	[3 4 3 3]
[4 2 2]	[2 4 2 3]
[8 6 3]	[8 6 3 3]
[7 1 1]	[1 1 7 3]
[7 6 4]	[4 7 6 3]
[6 1 0]	[0 1 6 3]
[9 7 2]	[7 2 9 3]
[8 6 4]	[8 4 6 3]
[3 1 0]	[0 1 3 3]
[3 3 2]	[3 3 2 3]
[4 3 0]	[3 0 4 3]
[4 4 0]	[4 4 0 3]
[7 6 2]	[7 2 6 3]
[8 5 4]	[5 8 4 3]
[9 8 1]	[1 8 9 3]
[9 3 0]	[9 3 0 3]
[9 8 1]	[9 8 1 3]
[6 1 0]	[6 1 0 3]
[7 6 0]	[0 6 7 3]
[3 2 0]	[2 3 0 3]
[9 8 7]	[7 9 8 3]
[7 6 0]	[7 6 0 3]
[6 4 1]	[1 4 6 3]
[4 2 0]	[0 2 4 3]
[7 3 2]	[7 3 2 3]
[9 5 1]	[9 5 1 3]
[9 8 6]	[6 8 9 3]
[8 2 2]	[8 2 2 3]
