# y	x
[9 8 2]	[8 2 9 3]
[4 2 2]	[2 4 2 3]
[9 6 0]	[9 0 6 3]
[6 0 0]	[0 6 0 3]
[5 1 0]	[5 0 1 3]
[7 7 4]	[7 7 4 3]
[8 4 0]	[0 8 4 3]
[5 5 2]	[5 5 2 3]
[8 6 3]	[3 8 6 3]
[7 0 0]	[7 0 0 3]
[7 2 1]	[1 2 7 3]
[9 4 4]	[9 4 4 3]
[9 7 4]	[7 4 9 3]
[8 5 3]	[5 3 8 3]
[8 5 5]	[5 8 5 3]
[9 5 5]	[5 5 9 3]
[9 9 2]	[9 2 9 3]
[8 4 2]	[2 8 4 3]
[5 5 3]	[5 3 5 3]
[9 3 1]	[3 9 1 3]
[8 3 3]	[8 3 3 3]
[6 5 4]	[4 6 5 3]
[8 1 0]	[1 0 8 3]
[9 7 6]	[6 7 9 3]
[6 5 5]	[5 6 5 3]
[6 5 4]	[5 4 6 3]
[6 6 1]	[6 6 1 3]
[4 4 1]	[1 4 4 3]
[9 6 6]	[6 6 9 3]
[8 7 3]	[3 8 7 3]
[7 6 2]	[2 7 6 3]
[9 8 3]	[9 3 8 3]
